0 90
5 0
5 0
5 0
5 0
5 -10
5 0
5 0
5 0
5 -60
5 0
5 0
5 0
5 0
5 0
5 30
5 0
5 0
5 0
5 0
5 0
5 0
5 0
5 0
5 0
5 0
5 -30
5 0
5 0
5 0
5 0
5 -20
5 0
5 80
5 0
5 0
5 0
5 0
5 0
5 0
5 0
5 0
5 0
5 0
5 0
5 -76
5 0
5 0
5 0
5 0
5 0
5 0
5 0
5 0
5 0
5 0
5 0
5 0
5 0
5 0
5 0
5 0
5 0
5 0
5 0
5 0
5 0
5 0
5 0
5 0
5 170
5 0
10 0
10 0
10 0
10 0
10 0
10 0
10 0
10 0
10 90
10 0
10 0
10 0
10 0
10 0
10 0
10 0
10 0
10 0
5 90
5 0
5 0
5 0
5 0
5 0
5 0
5 0
5 0
5 0
5 0
5 0
5 0
5 0
5 0
5 0
5 0
5 0
5 0
10 180
10 0
10 0
10 0
10 0
10 0
10 0
10 0
10 0
10 0
10 0
10 0
10 0
10 0
10 0
10 0
10 0
10 0
10 -90
10 0
5 0
5 0
5 0
5 0
5 0
5 0
5 0
5 0
5 0
5 0
5 0
5 0
5 0
5 0
5 0
5 0
5 0
5 0
5 0
5 0
5 0
5 0
5 0
5 0
5 0
5 0
5 0
5 0
5 0
5 0
5 0
